[1, 1, 1, -1, -1, 1, -1, -1, 1, -1, -1, 1, 1, -1, 1]
[1, 1, -1, 1, 1, -1, -1, -1, -1, 1, 1, -1, -1, 1, -1]
[1, -1, 1, 1, -1, -1, -1, 1, -1, 1, 1, -1, 1, -1, 1]
[1, -1, -1, -1, 1, 1, -1, 1, -1, 1, 1, -1, 1, -1, 1]
[1, -1, 1, 1, -1, -1, -1, 1, -1, 1, -1, 1, -1, 1, 1]
[1, -1, -1, -1, 1, 1, -1, 1, -1, 1, -1, 1, -1, 1, 1]
[1, 1, 1, -1, -1, 1, -1, -1, -1, 1, -1, 1, 1, -1, -1]
[1, 1, -1, 1, 1, -1, -1, -1, 1, -1, 1, -1, -1, 1, 1]
[1, -1, -1, 1, 1, -1, 1, -1, 1, 1, 1, -1, -1, 1, -1]
[1, -1, -1, 1, 1, -1, 1, -1, -1, -1, 1, -1, -1, 1, 1]
[1, -1, -1, 1, -1, 1, -1, 1, -1, 1, -1, -1, 1, 1, 1]
[1, -1, -1, 1, -1, 1, -1, 1, -1, 1, 1, 1, -1, -1, 1]
[1, -1, 1, -1, 1, -1, -1, 1, -1, 1, -1, -1, 1, 1, 1]
[1, -1, 1, -1, 1, -1, -1, 1, -1, 1, 1, 1, -1, -1, 1]
[1, -1, 1, -1, -1, 1, 1, -1, -1, -1, -1, 1, 1, -1, 1]
[1, -1, 1, -1, -1, 1, 1, -1, 1, 1, -1, 1, 1, -1, -1]
[16, 8, 0, 0, 0, 0, 8, 0, 8, 8, 0, 0, 0, 0, 8, 8]
16